name,predicted,target,softmax_0,softmax_1
G0130691.JPG,0,0,0.9999487400054932,5.123082155478187e-05
G0130616.JPG,0,0,1.0,5.110702416821766e-10
G0130830.JPG,0,0,1.0,2.084743536045412e-15
G0130665.JPG,0,0,1.0,1.8290636339497388e-14
G0130671.JPG,1,1,0.02899208292365074,0.9710078835487366
G0130750.JPG,0,0,0.969600260257721,0.030399717390537262
G0130707.JPG,1,1,0.08958997577428818,0.9104099869728088
G0130771.JPG,0,0,0.9999998807907104,1.319401121691044e-07
G0130676.JPG,0,0,0.9999964237213135,3.5890325307263993e-06
G0130743.JPG,0,0,0.9588941931724548,0.04110581800341606
G0130684.JPG,0,0,0.9999980926513672,1.907600562844891e-06
G0130692.JPG,1,0,0.28260695934295654,0.7173930406570435
G0130844.JPG,0,0,1.0,9.433909209377589e-11
G0130814.JPG,0,0,1.0,1.5396505203394425e-25
G0130643.JPG,0,0,0.9999977350234985,2.22591802412353e-06
G0130825.JPG,1,1,0.026420826092362404,0.9735791087150574
G0130810.JPG,1,1,0.024586252868175507,0.9754137396812439
G0130833.JPG,0,0,0.5779767632484436,0.4220232367515564
G0130680.JPG,0,0,1.0,2.331691610624187e-11
G0130711.JPG,0,0,1.0,2.0921351318037296e-09
G0130815.JPG,0,0,1.0,7.358875196620022e-22
G0130725.JPG,0,0,1.0,1.6499993442408746e-14
G0130708.JPG,1,0,0.25965049862861633,0.7403494715690613
G0130639.JPG,0,0,1.0,1.9123550941586853e-13
G0130717.JPG,0,0,1.0,3.433718420708942e-09
G0130634.JPG,1,0,0.037348996847867966,0.9626509547233582
G0130808.JPG,0,0,0.9999986886978149,1.305157184106065e-06
G0130642.JPG,1,1,0.24692760407924652,0.7530724406242371
G0130650.JPG,0,0,0.9999991655349731,8.15360863271053e-07
G0130666.JPG,0,0,1.0,7.819099869802808e-20
G0130847.JPG,1,1,0.09476274251937866,0.9052372574806213
G0130706.JPG,0,0,0.9991251826286316,0.0008748251711949706
G0130629.JPG,0,0,0.9999979734420776,2.0484328615566483e-06
G0130730.JPG,0,0,0.9970607161521912,0.002939290599897504
G0130805.JPG,0,0,1.0,2.8200317636617456e-09
G0130656.JPG,1,0,0.039095181971788406,0.9609048366546631
G0130694.JPG,0,0,0.9997532963752747,0.0002466818841639906
G0130661.JPG,0,0,1.0,3.05157094038222e-10
G0130669.JPG,0,0,0.9999998807907104,1.0956532037198485e-07
G0130843.JPG,0,0,1.0,7.964071624400049e-10
G0130820.JPG,0,0,1.0,2.6573083289349597e-08
G0130720.JPG,0,0,0.9999934434890747,6.592834779439727e-06
G0130721.JPG,1,0,0.011594793759286404,0.9884052276611328
G0130718.JPG,0,0,0.9999994039535522,6.510247203550534e-07
G0130729.JPG,1,1,0.0309164859354496,0.9690835475921631
G0130685.JPG,1,0,0.08135579526424408,0.9186442494392395
G0130705.JPG,0,0,1.0,3.54980801697824e-11
G0130846.JPG,1,0,0.05606866627931595,0.9439312815666199
G0130798.JPG,0,0,1.0,9.224477952318733e-12
G0130758.JPG,1,0,0.07734628021717072,0.9226537346839905
G0130626.JPG,0,0,0.9711503386497498,0.028849739581346512
G0130727.JPG,0,0,1.0,6.935163164231706e-13
G0130690.JPG,0,0,1.0,9.475777801304375e-12
G0130722.JPG,0,1,0.8094631433486938,0.19053688645362854
G0130760.JPG,0,0,0.9998680353164673,0.00013189599849283695
G0130712.JPG,0,0,1.0,2.522422271056257e-09
G0130779.JPG,0,0,0.9999996423721313,4.0213114971265895e-07
G0130765.JPG,1,0,0.00879831612110138,0.991201639175415
G0130792.JPG,0,0,1.0,2.6248412332563476e-09
G0130618.JPG,0,0,0.9435253143310547,0.0564747117459774
G0130817.JPG,0,0,0.7910043001174927,0.20899567008018494
G0130658.JPG,0,0,1.0,2.168632162735662e-09
G0130755.JPG,0,0,1.0,1.2260569226540952e-09
G0130638.JPG,0,0,1.0,1.439416357700681e-17
G0130819.JPG,0,0,0.9768070578575134,0.02319299429655075
G0130648.JPG,0,0,0.7943746447563171,0.20562534034252167
G0130657.JPG,0,1,0.5024816393852234,0.4975184202194214
G0130698.JPG,0,0,0.9999908208847046,9.148665412794799e-06
G0130812.JPG,0,0,1.0,2.437479395501151e-15
G0130802.JPG,0,0,0.6554446220397949,0.34455543756484985
G0130688.JPG,0,0,1.0,2.0277854099049058e-21
G0130621.JPG,0,0,1.0,2.2016962905602178e-12
G0130836.JPG,0,0,1.0,8.662998233703427e-16
G0130637.JPG,0,0,1.0,1.1423970493543156e-12
G0130821.JPG,0,0,1.0,2.7485990913844738e-11
G0130664.JPG,1,1,0.15119145810604095,0.8488085865974426
G0130627.JPG,1,1,0.11172705143690109,0.8882729411125183
G0130764.JPG,0,0,0.9996424913406372,0.00035745982313528657
G0130704.JPG,0,0,1.0,1.336743216118208e-10
G0130728.JPG,1,0,0.34497225284576416,0.6550278067588806
G0130635.JPG,1,1,0.0851135328412056,0.914886474609375
G0130699.JPG,0,0,0.9722174406051636,0.027782514691352844
G0130739.JPG,0,0,1.0,6.476143621370056e-09
G0130702.JPG,0,0,1.0,4.329373304301498e-09
G0130780.JPG,1,0,0.06535697728395462,0.934643030166626
G0130782.JPG,0,0,0.9997902512550354,0.00020982346904929727
G0130738.JPG,0,0,0.9999996423721313,3.767465557302785e-07
G0130742.JPG,0,0,0.999997615814209,2.3340771804214455e-06
G0130801.JPG,0,0,0.9999561309814453,4.385565625852905e-05
G0130654.JPG,0,0,1.0,2.917942146588026e-12
G0130715.JPG,1,1,0.21467310190200806,0.7853268980979919
G0130761.JPG,0,0,0.9999966621398926,3.286278342784499e-06
G0130736.JPG,1,0,0.020944921299815178,0.9790551066398621
G0130678.JPG,1,0,0.029176916927099228,0.9708231091499329
G0130804.JPG,0,0,0.9129649996757507,0.08703504502773285
G0130770.JPG,0,0,1.0,5.225927690588605e-09
G0130682.JPG,0,0,1.0,7.814233337006052e-14
G0130818.JPG,1,1,0.09169022738933563,0.908309817314148
G0130791.JPG,0,0,0.9999973773956299,2.6751131372293457e-06
G0130762.JPG,0,0,1.0,1.1030104829501397e-08
G0130796.JPG,1,1,0.045756977051496506,0.954243004322052
G0130747.JPG,0,0,1.0,1.3965988088227022e-11
G0130741.JPG,0,0,1.0,4.299206324276383e-09
G0130663.JPG,1,0,0.15169188380241394,0.8483080863952637
G0130781.JPG,1,1,0.0265947338193655,0.9734052419662476
G0130647.JPG,0,0,0.9999980926513672,1.8994314814335667e-06
G0130776.JPG,0,0,1.0,2.660736875270686e-08
G0130636.JPG,0,0,1.0,8.705917063644986e-12
G0130674.JPG,0,0,1.0,6.908267846661431e-10
G0130823.JPG,0,0,0.9996609687805176,0.00033901818096637726
G0130740.JPG,0,0,1.0,3.1827815383245195e-10
G0130790.JPG,0,0,0.999998927116394,1.0474111604708014e-06
G0130675.JPG,0,0,1.0,1.759670360812482e-11
G0130826.JPG,0,0,0.982799232006073,0.017200728878378868
G0130697.JPG,0,0,1.0,1.545298437821696e-11
G0130677.JPG,0,0,0.9936016201972961,0.006398322526365519
G0130806.JPG,0,0,1.0,3.928836541446405e-15
G0130713.JPG,0,0,1.0,4.0811018453545955e-10
G0130745.JPG,0,0,0.9212140440940857,0.07878599315881729
G0130686.JPG,1,1,0.11085103452205658,0.8891489505767822
G0130827.JPG,0,0,1.0,3.725270092402866e-12
G0130746.JPG,0,0,1.0,3.014199023709807e-08
G0130683.JPG,0,0,1.0,1.3694273884627076e-14
G0130649.JPG,1,1,0.019930100068449974,0.9800698757171631
G0130679.JPG,0,1,0.9791136384010315,0.020886331796646118
G0130696.JPG,0,0,1.0,1.0607187871103374e-11
G0130687.JPG,0,0,1.0,4.963868871499244e-09
G0130842.JPG,0,0,1.0,5.0061061074302415e-08
G0130749.JPG,0,0,1.0,2.172510366049707e-10
G0130733.JPG,0,0,1.0,7.317587426844754e-14
G0130633.JPG,0,0,0.9997438788414001,0.000256096274824813
G0130655.JPG,0,0,0.8884276151657104,0.11157234758138657
G0130613.JPG,0,0,0.9999998807907104,1.2539797467070457e-07
G0130775.JPG,0,0,0.999582827091217,0.00041718766442500055
G0130799.JPG,0,0,1.0,2.6645938233649247e-10
G0130628.JPG,0,0,0.7194241881370544,0.28057587146759033
G0130752.JPG,0,0,0.9202690720558167,0.07973095029592514
G0130809.JPG,0,0,0.8742023706436157,0.12579764425754547
G0130659.JPG,0,0,1.0,2.008961790325725e-12
G0130772.JPG,0,0,0.9999058246612549,9.413494262844324e-05
G0130632.JPG,0,0,1.0,7.979904736998833e-09
G0130787.JPG,0,0,0.9995785355567932,0.00042147020576521754
G0130624.JPG,0,0,1.0,5.3768746375167094e-20
G0130793.JPG,0,0,1.0,7.767395803154678e-14
G0130841.JPG,0,0,0.9991617202758789,0.0008382337400689721
G0130778.JPG,0,0,1.0,1.6739809538535155e-09
G0130784.JPG,0,0,0.9999998807907104,9.058663152927693e-08
G0130835.JPG,0,0,1.0,1.2015981742594106e-12
G0130668.JPG,0,0,1.0,2.168877647377754e-19
G0130766.JPG,1,1,0.03378304839134216,0.9662169814109802
G0130653.JPG,0,0,1.0,2.4795218758381183e-15
G0130716.JPG,0,0,0.9999485015869141,5.155202597961761e-05
G0130714.JPG,0,0,0.5383347272872925,0.4616653323173523
G0130630.JPG,0,0,1.0,2.3397449342571486e-12
G0130723.JPG,0,0,1.0,5.398306801573938e-10
G0130786.JPG,0,0,0.9999998807907104,1.432536436141163e-07
G0130615.JPG,0,0,0.9999998807907104,6.123334372887257e-08
G0130673.JPG,0,0,1.0,3.215950883372898e-08
G0130797.JPG,0,0,0.9999948740005493,5.133175818627933e-06
G0130774.JPG,1,1,0.06316033750772476,0.9368395805358887
G0130672.JPG,0,0,0.9983527660369873,0.0016472733113914728
G0130719.JPG,0,0,1.0,9.151020219366757e-11
G0130644.JPG,0,0,1.0,2.294435613725554e-10
G0130769.JPG,0,0,0.9999837875366211,1.6206628060899675e-05
G0130734.JPG,0,0,1.0,3.3782435182594384e-11
G0130695.JPG,0,0,0.9999991655349731,8.894251664059993e-07
G0130777.JPG,0,0,1.0,4.2270351663376005e-09
G0130813.JPG,0,0,1.0,1.0566328369653636e-24
G0130693.JPG,1,1,0.032366879284381866,0.9676331281661987
G0130631.JPG,0,0,1.0,4.0264446372331383e-14
G0130645.JPG,0,0,1.0,1.0557997184856838e-11
G0130660.JPG,0,0,1.0,8.125888606739726e-14
G0130763.JPG,0,0,0.9999998807907104,1.2871937826730573e-07
G0130662.JPG,0,0,0.9886738657951355,0.011326172389090061
G0130800.JPG,0,0,1.0,1.5412502003819828e-12
G0130667.JPG,0,0,1.0,3.3067904664939165e-19
G0130726.JPG,0,0,1.0,1.3475103050733842e-17
G0130625.JPG,0,0,1.0,1.5870600833522985e-08
G0130832.JPG,1,1,0.04383440315723419,0.956165611743927
G0130700.JPG,1,1,0.005711618345230818,0.9942883253097534
G0130701.JPG,0,0,0.9938145875930786,0.0061853849329054356
G0130757.JPG,0,0,0.9992825388908386,0.0007175342761911452
G0130623.JPG,0,0,1.0,5.549245344682122e-21
G0130622.JPG,0,0,1.0,1.0693314037763617e-19
G0130789.JPG,1,1,0.11423113197088242,0.8857688307762146
G0130681.JPG,0,0,1.0,2.016535267761188e-13
G0130803.JPG,1,1,0.28357115387916565,0.716428816318512
G0130767.JPG,0,0,0.988830029964447,0.011169922538101673
G0130748.JPG,0,0,1.0,2.85040880432057e-15
G0130646.JPG,0,0,1.0,6.181223588530571e-11
G0130795.JPG,1,0,0.17848721146583557,0.821512758731842
G0130768.JPG,0,0,0.999992847442627,7.123038358258782e-06
G0130829.JPG,0,0,1.0,2.889052487602367e-22
G0130614.JPG,0,0,0.9999998807907104,1.441374166688547e-07
G0130732.JPG,0,0,1.0,2.7255140852555648e-11
G0130731.JPG,0,0,1.0,6.659766627059582e-10
G0130689.JPG,0,0,1.0,5.136887953952052e-16
G0130785.JPG,0,0,0.9999995231628418,5.156788347449037e-07
G0130840.JPG,1,0,0.015347965061664581,0.984652042388916
G0130756.JPG,0,0,1.0,1.7539696908416835e-12
G0130816.JPG,0,0,0.9997289776802063,0.00027098844293504953
G0130651.JPG,0,0,1.0,8.717274813238238e-14
G0130828.JPG,0,0,1.0,5.5778711998636515e-15
G0130641.JPG,1,0,0.2944549024105072,0.7055450677871704
G0130838.JPG,0,0,0.9999957084655762,4.336133770266315e-06
G0130619.JPG,1,1,0.004600103944540024,0.9953998923301697
G0130620.JPG,0,0,0.6450980305671692,0.3549019396305084
G0130735.JPG,1,0,0.4002615511417389,0.5997384786605835
G0130773.JPG,0,0,0.9706887602806091,0.029311269521713257
G0130751.JPG,1,1,0.024309689179062843,0.9756903648376465
G0130845.JPG,0,0,0.9997140765190125,0.0002858886437024921
G0130652.JPG,0,0,1.0,1.7207533880475215e-16
G0130703.JPG,0,0,1.0,2.986444513908282e-08
G0130670.JPG,0,0,0.6267777681350708,0.3732222318649292
G0130737.JPG,1,1,0.39252325892448425,0.6074767708778381
G0130759.JPG,1,1,0.2533751130104065,0.7466249465942383
G0130839.JPG,1,1,0.026981590315699577,0.9730184674263
G0130848.JPG,0,0,0.9968686699867249,0.0031313360668718815
G0130710.JPG,0,0,1.0,3.3897937790072774e-09
G0130709.JPG,0,0,0.9999997615814209,2.3375200441932975e-07
G0130744.JPG,1,1,0.18597069382667542,0.814029335975647
G0130837.JPG,0,0,1.0,8.337813404112049e-13
G0130754.JPG,0,0,1.0,7.2117729565945865e-09
G0130753.JPG,0,0,0.9999998807907104,1.5444261691754946e-07
G0130640.JPG,0,0,0.9994552731513977,0.0005447028670459986
G0130788.JPG,1,0,0.12806834280490875,0.8719316720962524
G0130822.JPG,0,0,1.0,5.039979935131389e-13
G0130831.JPG,0,0,0.9110794067382812,0.08892062306404114
G0130617.JPG,0,0,1.0,2.080235636525707e-11
G0130807.JPG,0,0,1.0,8.94886669179473e-18
G0130824.JPG,0,0,0.6082426905632019,0.3917572796344757
G0130783.JPG,0,0,1.0,5.6932567105150156e-08
G0130834.JPG,0,0,0.9999992847442627,6.661405222985195e-07
G0130794.JPG,0,0,0.9999986886978149,1.2791456356353592e-06
G0130724.JPG,0,0,1.0,5.643722156278841e-10
G0130811.JPG,0,0,0.5423158407211304,0.45768409967422485
G0130848.JPG,0,0,0.9968686699867249,0.0031313360668718815
G0130849.JPG,0,0,0.9999998807907104,1.731160637064022e-07
G0130850.JPG,0,0,1.0,2.5502302491986484e-08
G0130851.JPG,0,0,1.0,6.298717103447871e-10
G0130852.JPG,0,0,0.99998939037323,1.0596691936370917e-05
G0130853.JPG,1,0,0.10874617099761963,0.8912538886070251
G0130854.JPG,1,0,0.022494323551654816,0.9775057435035706
G0130855.JPG,0,1,0.9999998807907104,1.11822025417041e-07
G0130856.JPG,0,0,1.0,4.728646918472634e-10
G0130857.JPG,0,0,1.0,5.488541478942954e-13
G0130858.JPG,0,0,1.0,1.5369608701713393e-20
G0130859.JPG,0,0,1.0,2.3878798938170576e-10
G0130860.JPG,0,0,0.8385043740272522,0.161495640873909
G0130861.JPG,1,0,0.012889149598777294,0.9871108531951904
G0130862.JPG,1,1,0.06891494989395142,0.9310850501060486
G0130863.JPG,0,0,0.9999990463256836,1.0066498816740932e-06
G0130864.JPG,0,0,1.0,2.647765090946913e-13
G0130865.JPG,0,0,1.0,2.0768075742053934e-21
G0130866.JPG,0,0,1.0,3.906417749854511e-16
G0130867.JPG,0,0,0.9991577863693237,0.0008422196842730045
G0130868.JPG,1,0,0.16810902953147888,0.8318909406661987
G0130869.JPG,1,1,0.01622464880347252,0.9837753176689148
G0130870.JPG,0,0,1.0,8.685824282039789e-10
G0130871.JPG,0,0,1.0,3.086352245822155e-14
G0130872.JPG,0,0,1.0,1.9375819111438016e-17
G0130873.JPG,0,0,1.0,2.4767129557663455e-16
G0130874.JPG,0,0,0.9997790455818176,0.00022101438662502915
G0130875.JPG,1,0,0.13936172425746918,0.8606383204460144
G0130876.JPG,1,1,0.042988575994968414,0.9570114016532898
G0130877.JPG,0,0,0.9999963045120239,3.74481260223547e-06
G0130878.JPG,0,0,1.0,2.3690542860776986e-09
G0130879.JPG,0,0,1.0,9.384163871705861e-18
G0130880.JPG,0,0,1.0,1.7432413151885484e-11
G0130881.JPG,0,0,0.9999980926513672,1.9567585241020424e-06
G0130882.JPG,0,0,0.9313391447067261,0.06866081804037094
G0130883.JPG,1,1,0.03593182563781738,0.9640681743621826
G0130884.JPG,1,0,0.05127181485295296,0.9487281441688538
G0130885.JPG,0,0,0.9999992847442627,6.630930329265539e-07
G0130886.JPG,0,0,1.0,9.109908938320643e-10
G0130887.JPG,0,0,1.0,3.0327847916828733e-16
G0130888.JPG,0,0,1.0,5.736264328121132e-13
G0130889.JPG,0,0,0.9999938011169434,6.153063623060007e-06
G0130890.JPG,1,1,0.008833258412778378,0.9911667704582214
G0130891.JPG,1,0,0.061508819460868835,0.9384912252426147
G0130892.JPG,0,0,0.9999991655349731,8.902983950065391e-07
G0130893.JPG,0,0,1.0,9.084891042579479e-13
G0130894.JPG,0,0,1.0,5.604594829774756e-23
G0130895.JPG,0,0,1.0,2.2930795595226727e-21
G0130896.JPG,0,0,0.999945878982544,5.407777280197479e-05
G0130897.JPG,1,0,0.05820050090551376,0.9417994618415833
G0130898.JPG,0,1,0.8042073249816895,0.19579266011714935
G0130899.JPG,0,0,1.0,4.993317391510654e-12
G0130900.JPG,0,0,1.0,2.1284700037015094e-19
G0130901.JPG,0,0,1.0,3.402221177299454e-33
G0130902.JPG,0,0,1.0,4.6928558426332576e-34
G0130903.JPG,0,0,1.0,8.506288681742126e-27
G0130904.JPG,0,0,0.9999850988388062,1.4895476851961575e-05
G0130905.JPG,1,1,0.0012582463677972555,0.9987418055534363
G0130906.JPG,0,0,0.999294638633728,0.0007053884328342974
G0130907.JPG,0,0,1.0,9.555682911610575e-10
G0130908.JPG,0,0,1.0,4.600454132225318e-12
G0130909.JPG,0,0,1.0,1.7911923029870214e-12
G0130910.JPG,0,0,1.0,6.695182602767247e-11
G0130911.JPG,0,0,0.9925944209098816,0.007405614946037531
G0130912.JPG,1,1,0.017877016216516495,0.9821229577064514
G0130913.JPG,0,0,0.9999996423721313,3.1318393212131923e-07
G0130914.JPG,0,0,1.0,2.0875405900045027e-19
G0130915.JPG,0,0,1.0,3.2780616356367046e-22
G0130916.JPG,0,0,1.0,1.256070185833011e-25
G0130917.JPG,0,0,1.0,8.042547228496917e-18
G0130918.JPG,0,0,0.986979603767395,0.013020417653024197
G0130919.JPG,1,0,0.16337944567203522,0.836620569229126
G0130920.JPG,0,1,0.9662027359008789,0.03379729390144348
G0130921.JPG,0,0,1.0,3.0177254473073845e-08
G0130922.JPG,0,0,1.0,1.019929990074206e-14
G0130923.JPG,0,0,1.0,5.2867293740465823e-14
G0130924.JPG,0,0,1.0,5.416288511445044e-12
G0130925.JPG,0,0,0.9996471405029297,0.00035281796590425074
G0130926.JPG,1,0,0.11075707525014877,0.8892428874969482
G0130927.JPG,1,1,0.4717968702316284,0.5282031297683716
G0130928.JPG,0,0,0.9999980926513672,1.8813726683220011e-06
G0130929.JPG,0,0,1.0,6.079735150617391e-17
G0130930.JPG,0,0,1.0,4.645090632434406e-18
G0130931.JPG,0,0,1.0,2.220680042101992e-15
G0130932.JPG,0,0,1.0,9.103072462490758e-12
G0130933.JPG,1,0,0.4551343023777008,0.5448657274246216
G0130934.JPG,1,1,0.02853246033191681,0.9714675545692444
G0130935.JPG,1,0,0.17255419492721558,0.8274458646774292
G0130936.JPG,0,0,0.9999988079071045,1.2282375791983213e-06
G0130937.JPG,0,0,1.0,1.0783549346440185e-13
G0130938.JPG,0,0,1.0,9.354972800237763e-16
G0130939.JPG,0,0,1.0,4.893887487096571e-13
G0130940.JPG,0,0,0.9795511960983276,0.020448816940188408
G0130941.JPG,1,1,0.03915218263864517,0.9608478546142578
G0130942.JPG,1,0,0.17757505178451538,0.8224249482154846
G0130943.JPG,0,0,1.0,5.0500697373889736e-11
G0130944.JPG,0,0,1.0,1.7738998048244525e-09
G0130945.JPG,0,0,1.0,1.6881832186366708e-19
G0130946.JPG,0,0,1.0,1.8916326025106983e-14
G0130947.JPG,0,0,1.0,5.30077717830757e-13
G0130948.JPG,1,0,0.15195249021053314,0.8480475544929504
G0130949.JPG,1,1,0.0025680449325591326,0.9974319338798523
G0130950.JPG,0,0,0.9315176606178284,0.06848238408565521
G0130951.JPG,0,0,0.9999898672103882,1.0177594958804548e-05
G0130952.JPG,0,0,1.0,1.4874396825348413e-08
G0130953.JPG,0,0,1.0,7.566094417654767e-09
G0130954.JPG,0,0,1.0,3.5965498699878917e-13
G0130955.JPG,0,0,0.8947791457176208,0.10522088408470154
G0130956.JPG,1,1,0.0058533004485070705,0.9941467046737671
G0130957.JPG,0,0,0.7534932494163513,0.2465067207813263
G0130958.JPG,0,0,1.0,1.1698711178580289e-17
G0130959.JPG,0,0,1.0,1.123447359819493e-22
G0130960.JPG,0,0,1.0,1.964612891432085e-18
G0130961.JPG,0,0,1.0,5.1264785331291834e-14
G0130962.JPG,0,0,0.9704117774963379,0.029588278383016586
G0130963.JPG,1,1,0.017768586054444313,0.9822314381599426
G0130964.JPG,0,0,0.9999760389328003,2.3953893105499446e-05
G0130965.JPG,0,0,0.9999997615814209,2.417512234842434e-07
G0130966.JPG,0,0,1.0,3.7616633363768415e-08
G0130967.JPG,0,0,0.9999996423721313,3.7372916494859965e-07
G0130968.JPG,0,0,0.9999998807907104,1.2612430566605326e-07
G0130969.JPG,0,0,0.9934446811676025,0.006555352825671434
G0130970.JPG,1,0,0.015959562733769417,0.9840404391288757
G0130971.JPG,0,1,0.9110618233680725,0.08893822133541107
G0130972.JPG,0,0,1.0,7.792815837071032e-10
G0130973.JPG,0,0,1.0,4.6180132634576765e-11
G0130974.JPG,0,0,1.0,4.0271127768219325e-14
G0130975.JPG,0,0,1.0,1.0474171443369817e-12
G0130976.JPG,0,0,0.9991914629936218,0.0008084975997917354
G0130977.JPG,1,0,0.2648012340068817,0.7351987361907959
G0130978.JPG,1,1,0.38750171661376953,0.6124982237815857
G0130979.JPG,0,0,1.0,1.5807069431161835e-08
G0130980.JPG,0,0,1.0,1.8848483429416418e-13
G0130981.JPG,0,0,1.0,7.175426160362097e-13
G0130982.JPG,0,0,1.0,5.398926748376165e-13
G0130983.JPG,0,0,1.0,3.7605835112586306e-10
G0130984.JPG,0,0,0.99693763256073,0.0030623902566730976
G0130985.JPG,1,1,0.03939376398921013,0.9606062173843384
G0130986.JPG,0,0,0.8340486884117126,0.16595135629177094
G0130987.JPG,0,0,1.0,6.43150185886121e-11
G0130988.JPG,0,0,1.0,1.813430156906437e-12
G0130989.JPG,0,0,1.0,5.728957483104938e-14
G0130990.JPG,0,0,1.0,4.4651917796914575e-13
G0130991.JPG,0,0,0.9999500513076782,4.994433402316645e-05
G0130992.JPG,1,1,0.005132520571351051,0.9948674440383911
G0130993.JPG,0,0,0.9721410274505615,0.027858976274728775
G0130994.JPG,0,0,0.9999997615814209,1.8023584402726556e-07
G0130995.JPG,0,0,1.0,1.8811015245479012e-10
G0130996.JPG,0,0,1.0,3.24092891412775e-10
G0130997.JPG,0,0,1.0,1.0727327470760883e-08
G0130998.JPG,0,0,0.9997550845146179,0.00024488920462317765
G0130999.JPG,1,1,0.17285960912704468,0.8271403908729553
G0131000.JPG,1,0,0.008512795902788639,0.9914871454238892
G0131001.JPG,0,0,0.9999997615814209,2.4161340661521535e-07
G0131002.JPG,0,0,1.0,2.414135336081813e-09
G0131003.JPG,0,0,1.0,2.294719102235998e-11
G0131004.JPG,0,0,1.0,1.2255927175908177e-11
G0131005.JPG,0,0,1.0,5.613528486492214e-08
G0131006.JPG,1,0,0.09740744531154633,0.9025925993919373
G0131007.JPG,1,1,0.06819400936365128,0.9318060278892517
G0131008.JPG,0,0,0.9856290221214294,0.01437100488692522
G0131009.JPG,0,0,1.0,2.2620165740505627e-09
G0131010.JPG,0,0,1.0,6.238413341463911e-09
G0131011.JPG,0,0,1.0,1.3748555072190527e-10
G0131012.JPG,0,0,1.0,2.0052679516879834e-08
G0131013.JPG,0,0,0.9972250461578369,0.002774942433461547
G0131014.JPG,1,0,0.02839607372879982,0.9716039299964905
G0131015.JPG,0,1,0.968748927116394,0.031251128762960434
G0131016.JPG,0,0,0.9999995231628418,4.1825271068773873e-07
G0131017.JPG,0,0,0.9999998807907104,1.2187835807253578e-07
G0131018.JPG,0,0,1.0,1.7088988557567575e-10
G0131019.JPG,0,0,1.0,7.412216673774452e-12
G0131020.JPG,0,0,0.9999995231628418,4.761941170272621e-07
G0131021.JPG,1,0,0.3123074173927307,0.6876926422119141
G0131022.JPG,1,1,0.04461988806724548,0.9553800821304321
G0131023.JPG,0,0,0.99379962682724,0.0062004257924854755
G0131024.JPG,0,0,1.0,2.1764701152449106e-11
G0131025.JPG,0,0,1.0,1.3371281859519968e-10
G0131026.JPG,0,0,1.0,1.3525278106155635e-15
G0131027.JPG,0,0,1.0,1.5762371740951284e-14
G0131028.JPG,0,0,0.9998266100883484,0.00017340717022307217
G0131029.JPG,1,1,0.0011237731669098139,0.9988762736320496
G0131030.JPG,0,0,0.9992750287055969,0.0007250313647091389
G0131031.JPG,0,0,1.0,3.04810105107578e-12
G0131032.JPG,0,0,1.0,3.7144665815391775e-11
G0131033.JPG,0,0,1.0,1.7319284027761395e-13
G0131034.JPG,0,0,1.0,1.3563576531459148e-13
G0131035.JPG,0,0,0.9622682332992554,0.03773171082139015
G0131036.JPG,1,0,0.00868269708007574,0.9913172721862793
G0131037.JPG,1,1,0.13248197734355927,0.8675180673599243
G0131038.JPG,0,0,0.999995231628418,4.798031113750767e-06
G0131039.JPG,0,0,0.9999998807907104,7.141174052094357e-08
G0131040.JPG,0,0,0.9999998807907104,1.4652653135271976e-07
G0131041.JPG,0,0,0.9999463558197021,5.3594729251926765e-05
G0131042.JPG,0,0,0.9753080606460571,0.024691959843039513
G0131043.JPG,1,0,0.012489935383200645,0.987510085105896
G0131044.JPG,1,1,0.15187564492225647,0.8481243252754211
G0131045.JPG,0,0,0.9999997615814209,1.885917981780949e-07
G0131046.JPG,0,0,1.0,3.841777118651635e-09
G0131047.JPG,0,0,1.0,3.950864635449136e-10
G0131048.JPG,0,0,1.0,1.5011415721577492e-10
G0131049.JPG,0,0,0.9999991655349731,8.056671845224628e-07
G0131050.JPG,0,0,0.9782588481903076,0.021741095930337906
G0131051.JPG,1,0,0.0060590957291424274,0.9939409494400024
G0131052.JPG,1,1,0.4557724893093109,0.5442274808883667
G0131053.JPG,0,0,0.9999650716781616,3.4886179491877556e-05
G0131054.JPG,0,0,0.9999967813491821,3.257814114476787e-06
G0131055.JPG,0,0,0.9999992847442627,7.488768574148708e-07
G0131056.JPG,0,0,0.999998927116394,1.113558482757071e-06
G0131057.JPG,0,0,0.9997584223747253,0.00024161052715498954
G0131058.JPG,1,0,0.0053178695961833,0.9946821331977844
G0131059.JPG,0,0,0.9810106158256531,0.01898936927318573
G0131060.JPG,0,1,0.9999969005584717,3.122974248981336e-06
G0131061.JPG,0,0,1.0,1.5134123954041456e-09
G0131062.JPG,0,0,1.0,2.9942284207606917e-09
G0131063.JPG,0,0,1.0,5.6678613191696314e-11
G0131064.JPG,0,0,0.9999990463256836,9.627439112591674e-07
G0131065.JPG,0,0,0.9887493848800659,0.011250685900449753
G0131066.JPG,1,1,7.48254606151022e-05,0.9999251365661621
G0131067.JPG,0,0,0.6381238698959351,0.36187615990638733
G0131068.JPG,0,0,0.999997615814209,2.442021923343418e-06
G0131069.JPG,0,0,0.9999990463256836,9.690573961051996e-07
G0131070.JPG,0,0,1.0,1.0829783736454601e-09
G0131071.JPG,0,0,1.0,1.3454253267042304e-09
G0131072.JPG,0,0,0.9178186058998108,0.08218138664960861
G0131073.JPG,1,0,0.06087952479720116,0.9391204714775085
G0131074.JPG,1,1,0.07854938507080078,0.9214506149291992
G0131075.JPG,0,0,0.9999767541885376,2.321714964637067e-05
G0131076.JPG,0,0,0.9999995231628418,4.3016490280933795e-07
G0131077.JPG,0,0,0.9999998807907104,1.289311768459811e-07
G0131078.JPG,0,0,1.0,1.2168753782404451e-09
G0131079.JPG,0,0,1.0,2.8843158972335914e-08
G0131080.JPG,0,0,0.9805697202682495,0.019430339336395264
G0131081.JPG,1,0,0.011210496537387371,0.988789439201355
G0131082.JPG,0,1,0.9905806183815002,0.00941937230527401
G0131083.JPG,0,0,0.9998676776885986,0.0001323341712122783
G0131084.JPG,0,0,0.9999954700469971,4.484878445509821e-06
G0131085.JPG,0,0,0.9998782873153687,0.00012169600813649595
G0141086.JPG,0,0,0.9999986886978149,1.3319288427737774e-06
G0141087.JPG,0,0,0.9999375343322754,6.24038657406345e-05
G0141088.JPG,0,0,0.9999727010726929,2.735290581767913e-05
G0141089.JPG,0,0,0.9998300075531006,0.00016991175652947277
G0141090.JPG,0,0,0.9935221076011658,0.006477925460785627
G0141091.JPG,1,0,0.09729365259408951,0.9027063250541687
G0141092.JPG,0,1,0.6310315728187561,0.3689683973789215
G0141093.JPG,0,0,0.9903383851051331,0.009661566466093063
G0141094.JPG,0,0,0.9999979734420776,2.074202711810358e-06
G0141095.JPG,0,0,1.0,1.453726117262022e-08
G0141096.JPG,0,0,1.0,1.2419469896940427e-08
G0141097.JPG,0,0,1.0,1.397021787141739e-08
G0141098.JPG,0,0,0.999998927116394,1.072160898729635e-06
G0141099.JPG,1,0,0.017624614760279655,0.98237544298172
G0141100.JPG,1,1,0.4978553056716919,0.5021447539329529
G0141101.JPG,0,0,0.9901469349861145,0.009853056631982327
G0141102.JPG,0,0,0.9999992847442627,7.734981295470789e-07
G0141103.JPG,0,0,1.0,5.196189256650996e-09
G0141104.JPG,0,0,1.0,3.426119457583532e-11
G0141105.JPG,0,0,1.0,3.289240754766887e-11
G0141106.JPG,0,0,0.9961773157119751,0.003822732949629426
G0141107.JPG,1,0,0.0006453945534303784,0.9993546605110168
G0141108.JPG,1,1,0.06254786252975464,0.9374521970748901
G0141109.JPG,0,0,0.9999949932098389,5.0510011533333454e-06
G0141110.JPG,0,0,1.0,1.2617754063803943e-10
G0141111.JPG,0,0,1.0,2.553699474105997e-09
G0141112.JPG,0,0,1.0,2.6857472842922725e-11
G0141113.JPG,0,0,0.9999909400939941,9.083611075766385e-06
G0141114.JPG,1,0,0.13295137882232666,0.8670486211776733
G0141115.JPG,1,1,0.0036277470644563437,0.9963722229003906
G0141116.JPG,0,0,0.9942896366119385,0.005710301920771599
G0141117.JPG,0,0,0.9999967813491821,3.2563539207330905e-06
G0141118.JPG,0,0,1.0,3.842709972445846e-08
G0141119.JPG,0,0,1.0,1.5929547680926248e-09
G0141120.JPG,0,0,1.0,1.3486041616772582e-08
G0141121.JPG,0,0,0.7488632798194885,0.2511367201805115
G0141122.JPG,1,1,0.003319803159683943,0.9966802597045898
G0141123.JPG,0,0,0.9993898868560791,0.0006100679165683687
G0141124.JPG,0,0,1.0,1.0841972458708327e-10
G0141125.JPG,0,0,1.0,3.1643456743779552e-09
G0141126.JPG,0,0,1.0,1.5095822161748096e-11
G0141127.JPG,0,0,1.0,7.804138195052768e-13
G0141128.JPG,0,0,0.9999967813491821,3.167350314470241e-06
G0141129.JPG,1,0,0.03885328397154808,0.9611467123031616
G0141130.JPG,1,1,0.005052602384239435,0.9949473142623901
G0141131.JPG,0,0,0.9999982118606567,1.7990663536693319e-06
G0141132.JPG,0,0,0.9999997615814209,2.2109192343577888e-07
G0141133.JPG,0,0,1.0,4.324287317114539e-10
G0141134.JPG,0,0,1.0,1.3950380406413387e-08
G0141135.JPG,0,0,0.9999997615814209,2.9203931717347587e-07
G0141136.JPG,1,0,0.03518388420343399,0.9648160934448242
G0141137.JPG,1,1,0.03886830061674118,0.961131751537323
G0141138.JPG,0,0,0.9999929666519165,7.010119588812813e-06
G0141139.JPG,0,0,1.0,6.259229348032857e-22
G0141140.JPG,0,0,1.0,2.601095343284851e-30
G0141141.JPG,0,0,1.0,1.4492555038779907e-26
G0141142.JPG,0,0,1.0,5.91689411392192e-25
G0141143.JPG,0,0,0.9999983310699463,1.62753303811769e-06
G0141144.JPG,1,1,0.48725393414497375,0.5127460360527039
G0141145.JPG,1,0,0.20877525210380554,0.7912247180938721
G0141146.JPG,0,0,0.9999912977218628,8.742943464312702e-06
G0141147.JPG,0,0,0.9999991655349731,8.579103791817033e-07
G0141148.JPG,0,0,1.0,1.441810670854693e-08
G0141149.JPG,0,0,0.9999998807907104,1.0984277309944446e-07
G0141150.JPG,0,0,0.9999415874481201,5.8393248764332384e-05
G0141151.JPG,1,0,0.048778876662254333,0.9512211084365845
G0141152.JPG,1,1,0.025274956598877907,0.9747250080108643
G0141153.JPG,0,0,1.0,2.8370747973127663e-09
G0141154.JPG,0,0,1.0,5.125237456660159e-10
G0141155.JPG,0,0,1.0,8.171760157438257e-09
G0141156.JPG,0,0,1.0,7.015263370213631e-10
G0141157.JPG,0,0,0.9999997615814209,2.3185687325621984e-07
G0141158.JPG,1,0,0.02149457111954689,0.9785054922103882
G0141159.JPG,1,1,0.4298771619796753,0.5701228380203247
G0141160.JPG,0,0,0.9988596439361572,0.0011403640964999795
G0141161.JPG,0,0,1.0,1.2707593657901306e-11
G0141162.JPG,0,0,1.0,9.31676814148151e-14
G0141163.JPG,0,0,1.0,1.6021225009632198e-14
G0141164.JPG,0,0,1.0,3.2843935571236216e-08
G0141165.JPG,1,0,0.047012943774461746,0.9529871344566345
G0141166.JPG,1,1,0.03437965735793114,0.9656202793121338
G0141167.JPG,0,0,0.9993594288825989,0.0006406264146789908
G0141168.JPG,0,0,0.9999998807907104,9.242070575510297e-08
G0141169.JPG,0,0,1.0,8.848655835835828e-11
G0141170.JPG,0,0,1.0,3.344456309117838e-11
G0141171.JPG,0,0,1.0,3.4035740892335298e-09
G0141172.JPG,0,0,0.9980570673942566,0.0019429464591667056
G0141173.JPG,1,1,0.001959463581442833,0.9980406165122986
G0141174.JPG,0,0,0.9037156701087952,0.09628427773714066
G0141175.JPG,0,0,1.0,3.39541870175708e-08
G0141176.JPG,0,0,1.0,1.4556390814934872e-10
G0141177.JPG,0,0,1.0,8.318973765061854e-13
G0141178.JPG,0,0,1.0,2.2508899380339377e-14
G0141179.JPG,0,0,0.9999998807907104,1.2775690549915453e-07
G0141180.JPG,1,0,0.007487548049539328,0.9925124645233154
G0141181.JPG,0,1,0.9697863459587097,0.03021368570625782
G0141182.JPG,0,0,1.0,2.915126140479174e-09
G0141183.JPG,0,0,1.0,2.963273214846184e-18
G0141184.JPG,0,0,1.0,2.578985369794642e-21
G0141185.JPG,0,0,1.0,3.761602623894543e-21
G0141186.JPG,0,0,1.0,1.8718893775644328e-17
G0141187.JPG,0,0,0.9350563883781433,0.06494363397359848
G0141188.JPG,1,1,0.002182882744818926,0.9978171586990356
G0141189.JPG,0,0,0.9996806383132935,0.00031943165231496096
G0141190.JPG,0,0,1.0,5.278636208694287e-11
G0141191.JPG,0,0,1.0,1.27001853478248e-10
G0141192.JPG,0,0,1.0,1.0242797199870605e-17
G0141193.JPG,0,0,1.0,2.1839708860826867e-12
G0141194.JPG,1,0,0.1580996960401535,0.8419002890586853
G0141195.JPG,1,1,0.010494274087250233,0.9895057082176208
G0141196.JPG,1,0,0.1067562848329544,0.8932437300682068
G0141197.JPG,0,0,1.0,1.0045275028458533e-10
G0141198.JPG,0,0,1.0,1.3157551457599389e-14
G0141199.JPG,0,0,1.0,3.507995688148905e-19
G0141200.JPG,0,0,1.0,4.826635137844971e-16
G0141201.JPG,0,0,1.0,5.437935518548542e-11
G0141202.JPG,1,0,0.04645942524075508,0.953540563583374
G0141203.JPG,1,1,0.07588782161474228,0.9241122007369995
G0141204.JPG,0,0,0.9999983310699463,1.6286477375615505e-06
G0141205.JPG,0,0,1.0,2.3945943969025385e-13
G0141206.JPG,0,0,1.0,4.958493468251723e-13
G0141207.JPG,0,0,1.0,2.166180646315241e-13
G0141208.JPG,0,0,0.9999997615814209,1.8156026726501295e-07
G0141209.JPG,1,0,0.011679698713123798,0.9883203506469727
G0141210.JPG,0,1,0.574558675289154,0.42544135451316833
G0141211.JPG,0,0,1.0,1.4414111451730577e-13
G0141212.JPG,0,0,1.0,2.794378040259864e-25
G0141213.JPG,0,0,1.0,2.208651886139664e-28
G0141214.JPG,0,0,1.0,1.4443085434348915e-21
G0141215.JPG,0,0,1.0,1.3312313924818131e-11
G0141216.JPG,0,0,0.9786818623542786,0.02131810039281845
G0141217.JPG,1,1,0.00532100023701787,0.9946789741516113
G0141218.JPG,0,0,0.999987006187439,1.301204065384809e-05
G0141219.JPG,0,0,1.0,8.286244331511818e-16
G0141220.JPG,0,0,1.0,1.117876708457428e-15
G0141221.JPG,0,0,1.0,4.816538878221431e-23
G0141222.JPG,0,0,1.0,7.150591750659796e-12
G0141223.JPG,1,0,0.3048926293849945,0.6951073408126831
G0141224.JPG,1,1,0.025714321061968803,0.9742856025695801
G0141225.JPG,0,0,0.9920905828475952,0.00790936779230833
G0141226.JPG,0,0,1.0,1.1159219801933702e-21
G0141227.JPG,0,0,1.0,1.2875146938124857e-27
G0141228.JPG,0,0,1.0,3.501319574037228e-29
G0141229.JPG,0,0,1.0,1.8218473661308572e-20
G0141230.JPG,0,0,0.9999746084213257,2.540508285164833e-05
G0141231.JPG,1,1,0.015099969692528248,0.9848999977111816
G0141232.JPG,0,0,0.6017647385597229,0.3982352912425995
G0141233.JPG,0,0,1.0,1.065188270921169e-09
G0141234.JPG,0,0,1.0,2.285716521159957e-22
G0141235.JPG,0,0,1.0,7.133633193856332e-23
G0141236.JPG,0,0,1.0,2.21283866768001e-17
G0141237.JPG,0,0,0.9999834299087524,1.651497404964175e-05
G0141238.JPG,1,0,0.012158441357314587,0.9878415465354919
G0141239.JPG,1,1,0.3402048647403717,0.6597951650619507
G0141240.JPG,0,0,0.9999998807907104,5.961521054587138e-08
G0141241.JPG,0,0,1.0,6.550636931821693e-30
G0141242.JPG,0,0,1.0,1.3354374365015507e-42
G0141243.JPG,0,0,1.0,6.410761108082605e-39
G0141244.JPG,0,0,1.0,9.012989681181053e-20
G0141245.JPG,1,0,0.04340239241719246,0.9565975666046143
G0141246.JPG,1,1,0.005050160456448793,0.9949498176574707
G0141247.JPG,0,0,0.9968127608299255,0.0031872871331870556
G0141248.JPG,0,0,1.0,1.8790255797387317e-21
G0141249.JPG,0,0,1.0,7.991854909482713e-37
G0141250.JPG,0,0,1.0,1.1408540016714932e-33
G0141251.JPG,0,0,1.0,6.695998317125248e-34
G0141252.JPG,0,0,0.9939028024673462,0.006097197532653809
G0141253.JPG,1,1,0.004416605923324823,0.9955833554267883
G0141254.JPG,1,0,0.16929399967193604,0.830706000328064
G0141255.JPG,0,0,1.0,3.83637122070013e-10
G0141256.JPG,0,0,1.0,1.1966836916472738e-22
G0141257.JPG,0,0,1.0,3.2137509178527013e-22
G0141258.JPG,0,0,1.0,1.4667364996515977e-18
G0141259.JPG,0,0,1.0,1.7540067176469165e-08
G0141260.JPG,1,1,0.004829453770071268,0.995170533657074
G0141261.JPG,0,0,0.6304138898849487,0.36958611011505127
G0141262.JPG,0,0,0.9996145963668823,0.0003853781963698566
G0141263.JPG,0,0,1.0,2.15228834754555e-10
G0141264.JPG,0,0,1.0,3.369783835652229e-13
G0141265.JPG,0,0,1.0,1.0976699963468478e-14
G0141266.JPG,0,0,0.9999992847442627,7.036274496385886e-07
G0141267.JPG,1,1,0.0017216663109138608,0.9982783794403076
G0141268.JPG,1,0,0.1798122227191925,0.8201877474784851
G0141269.JPG,0,0,0.9999998807907104,6.058473900338868e-08
G0141270.JPG,0,0,1.0,1.6705852095985466e-19
G0141271.JPG,0,0,1.0,1.6148698867664633e-25
G0141272.JPG,0,0,1.0,8.53292842527155e-22
G0141273.JPG,0,0,1.0,1.0906441889216184e-16
G0141274.JPG,0,0,0.974808931350708,0.02519107609987259
G0141275.JPG,1,1,0.0015394644578918815,0.9984605312347412
G0141276.JPG,1,0,0.019356744363904,0.9806432723999023
G0141277.JPG,0,0,0.9999868869781494,1.3114257853885647e-05
G0141278.JPG,0,0,1.0,3.0036420572976397e-10
G0141279.JPG,0,0,1.0,1.3146721124929206e-13
G0141280.JPG,0,0,1.0,8.757778612814302e-20
G0141281.JPG,0,0,1.0,5.1146571422577836e-08
G0141282.JPG,1,0,0.2625053822994232,0.7374946475028992
G0141283.JPG,1,1,0.043716609477996826,0.9562833905220032
G0141284.JPG,0,0,0.9998955726623535,0.00010437313903821632
G0141285.JPG,0,0,1.0,1.5194666271728385e-12
G0141286.JPG,0,0,1.0,1.860285675503448e-10
G0141287.JPG,0,0,1.0,5.163542624964267e-18
G0141288.JPG,0,0,1.0,3.797518743908768e-09
G0141289.JPG,1,0,0.011869189329445362,0.9881308078765869
G0141290.JPG,1,1,0.04011662304401398,0.9598833918571472
G0141291.JPG,0,0,0.9999639987945557,3.596531314542517e-05
G0141292.JPG,0,0,1.0,2.0712655477887016e-17
G0141293.JPG,0,0,1.0,3.1962610097534125e-26
G0141294.JPG,0,0,1.0,7.228263449210924e-26
G0141295.JPG,0,0,1.0,4.243470368752648e-22
G0141296.JPG,0,0,0.8732092976570129,0.12679071724414825
G0141297.JPG,1,1,0.0033541482407599688,0.9966458678245544
G0141298.JPG,1,0,0.10679133981466293,0.8932086229324341
G0141299.JPG,0,0,1.0,9.564493294589305e-13
G0141300.JPG,0,0,1.0,1.9047615668859896e-28
G0141301.JPG,0,0,1.0,2.8363821224497146e-24
G0141302.JPG,0,0,1.0,3.4090610135174093e-22
G0141303.JPG,0,0,0.760226309299469,0.23977364599704742
G0141304.JPG,1,0,0.0026118350215256214,0.9973881840705872
G0141305.JPG,1,1,0.4775141477584839,0.5224857926368713
G0141306.JPG,0,0,1.0,4.285610345928048e-19
G0141307.JPG,0,0,1.0,5.339999347100135e-35
G0141308.JPG,0,0,1.0,2.2420573391105526e-34
G0141309.JPG,0,0,1.0,2.0306433332425532e-27
G0141310.JPG,0,0,0.7610191106796265,0.23898090422153473
G0141311.JPG,1,0,0.03925540670752525,0.9607446193695068
G0141312.JPG,1,1,0.08560699969530106,0.9143929481506348
G0141313.JPG,0,0,1.0,1.609414962411293e-10
G0141314.JPG,0,0,1.0,4.5227138930186155e-17
G0141315.JPG,0,0,1.0,2.962559771567857e-19
G0141316.JPG,0,0,1.0,4.829729455080409e-16
G0141317.JPG,0,0,1.0,4.765512073845457e-08
G0141318.JPG,1,0,0.0827287808060646,0.9172712564468384
G0141319.JPG,1,1,0.043138615787029266,0.9568614363670349
G0141320.JPG,0,0,0.9999961853027344,3.861876393784769e-06
G0141321.JPG,0,0,1.0,9.003169737509253e-11
G0141322.JPG,0,0,1.0,6.177529868938228e-16
G0141323.JPG,0,0,1.0,7.725628693228863e-17
G0141324.JPG,0,0,1.0,1.0754464267910546e-13
G0141325.JPG,0,0,0.7654012441635132,0.23459871113300323
G0141326.JPG,1,1,0.006732707843184471,0.993267297744751
G0141327.JPG,0,0,0.8538318276405334,0.14616818726062775
G0141328.JPG,0,0,1.0,6.266293907375431e-13
G0141329.JPG,0,0,1.0,4.103959718130024e-24
G0141330.JPG,0,0,1.0,1.6493553110167491e-24
G0141331.JPG,0,0,1.0,1.9168128121696365e-18
G0141332.JPG,0,0,1.0,1.4593767971859961e-08
G0141333.JPG,1,0,0.006203766912221909,0.9937962293624878
G0141334.JPG,1,1,0.2557256519794464,0.7442743182182312
G0141335.JPG,0,0,1.0,2.1456585841406195e-08
G0141336.JPG,0,0,1.0,7.546527409270078e-23
G0141337.JPG,0,0,1.0,9.448343884855661e-20
G0141338.JPG,0,0,1.0,3.9995979748084166e-27
G0141339.JPG,0,0,1.0,6.586165206962091e-12
G0141340.JPG,0,0,0.8502680659294128,0.14973194897174835
G0141341.JPG,1,1,0.0032691501546651125,0.9967308044433594
G0141342.JPG,0,0,0.991764485836029,0.008235549554228783
G0141343.JPG,0,0,1.0,1.5119096296103973e-12
G0141344.JPG,0,0,1.0,1.1185592052546781e-15
G0141345.JPG,0,0,1.0,1.0758755739161986e-16
G0141346.JPG,0,0,1.0,9.07609664507758e-12
G0141347.JPG,0,0,0.9704387187957764,0.02956129051744938
G0141348.JPG,1,0,0.0023906687274575233,0.9976093769073486
G0141349.JPG,0,1,0.9888478517532349,0.011152097955346107
G0141350.JPG,0,0,1.0,1.8327435055698338e-11
G0141351.JPG,0,0,1.0,7.558052118460546e-15
G0141352.JPG,0,0,1.0,4.707155211404121e-15
G0141353.JPG,0,0,1.0,9.895421748716896e-15
G0141354.JPG,0,0,0.9999343156814575,6.572498386958614e-05
G0141355.JPG,1,0,0.0037142832297831774,0.9962856769561768
G0141356.JPG,0,1,0.8564815521240234,0.14351846277713776
G0141357.JPG,0,0,1.0,4.97245718262204e-19
G0141358.JPG,0,0,1.0,5.113515024927173e-27
G0141359.JPG,0,0,1.0,3.394065185435659e-27
G0141360.JPG,0,0,1.0,6.951200905370558e-24
G0141361.JPG,0,0,0.9999927282333374,7.316656592593063e-06
G0141362.JPG,1,0,0.00156797980889678,0.9984319806098938
G0141363.JPG,1,1,0.17606671154499054,0.8239332437515259
G0141364.JPG,0,0,0.9999593496322632,4.067436384502798e-05
G0141365.JPG,0,0,1.0,3.2449696684040685e-13
G0141366.JPG,0,0,1.0,2.6699391175456213e-15
G0141367.JPG,0,0,1.0,7.179714370536691e-16
G0141368.JPG,0,0,1.0,7.765714286900316e-12
G0141369.JPG,0,0,0.6017071008682251,0.3982928991317749
G0141370.JPG,1,1,0.04991063475608826,0.9500893950462341
G0141371.JPG,0,0,0.9877155423164368,0.012284454889595509
G0141372.JPG,0,0,1.0,6.162084731364814e-14
G0141373.JPG,0,0,1.0,1.4713350947526062e-21
G0141374.JPG,0,0,1.0,6.570907786814699e-23
G0141375.JPG,0,0,1.0,1.5780714027665839e-15
G0141376.JPG,0,0,0.9992139339447021,0.0007860501063987613
G0141377.JPG,1,0,0.0388014130294323,0.961198627948761
G0141378.JPG,1,1,0.21875214576721191,0.7812478542327881
G0141379.JPG,0,0,0.9999873638153076,1.266045273951022e-05
G0141380.JPG,0,0,1.0,3.2805754640596874e-11
G0141381.JPG,0,0,1.0,1.6788266957168396e-11
G0141382.JPG,0,0,1.0,1.357861395104689e-17
G0141383.JPG,0,0,1.0,1.6187348128582357e-09
G0141384.JPG,1,0,0.08384287357330322,0.9161571860313416
G0141385.JPG,1,1,0.05245001241564751,0.9475499987602234
G0141386.JPG,0,0,0.9996104836463928,0.0003895897825714201
G0141387.JPG,0,0,1.0,3.201376244270899e-17
G0141388.JPG,0,0,1.0,4.8008597439265225e-21
G0141389.JPG,0,0,1.0,3.409764904636807e-21
G0141390.JPG,0,0,1.0,5.243607265515045e-14
G0141391.JPG,0,0,0.8288994431495667,0.17110055685043335
G0141392.JPG,1,0,0.0036437169183045626,0.9963563680648804
G0141393.JPG,1,1,0.449493944644928,0.550506055355072
G0141394.JPG,0,0,1.0,1.6944154523912403e-08
G0141395.JPG,0,0,1.0,1.4042345133642286e-16
G0141396.JPG,0,0,1.0,2.270316172811094e-16
G0141397.JPG,0,0,1.0,1.2313717482471627e-17
G0141398.JPG,0,0,0.9999997615814209,2.454924867834052e-07
G0141399.JPG,1,0,0.1483764350414276,0.8516235947608948
G0141400.JPG,1,1,0.11571711301803589,0.8842828869819641
G0141401.JPG,0,0,0.9998971223831177,0.00010291725629940629
G0141402.JPG,0,0,1.0,2.5330452045239316e-19
G0141403.JPG,0,0,1.0,2.562017680120431e-24
G0141404.JPG,0,0,1.0,9.711034152300055e-21
G0141405.JPG,0,0,1.0,3.66025467712916e-08
G0141406.JPG,0,0,1.0,1.948203154356065e-09
G0141407.JPG,0,0,0.9999593496322632,4.0660364902578294e-05
G0141408.JPG,1,1,0.01086428202688694,0.9891357421875
G0141409.JPG,0,0,0.8871364593505859,0.11286357045173645
G0141410.JPG,0,0,1.0,1.4090190819660009e-11
G0141411.JPG,0,0,0.9512909054756165,0.04870910942554474
G0141412.JPG,0,0,1.0,4.7727450463996846e-11
G0141413.JPG,0,0,1.0,1.0429765384678547e-10
G0141414.JPG,0,0,1.0,5.17343633210654e-12
G0141415.JPG,1,0,0.05857446789741516,0.9414255619049072
G0141416.JPG,1,1,0.006495779845863581,0.9935042262077332
G0141417.JPG,0,0,0.9999997615814209,2.064590347572448e-07
G0141418.JPG,0,0,1.0,7.458424849948742e-11
G0141419.JPG,0,0,1.0,1.9250696956657487e-12
G0141420.JPG,0,0,1.0,2.493835197399499e-16
G0141421.JPG,0,0,1.0,3.364009348860719e-10
G0141422.JPG,0,0,0.8277809619903564,0.17221905291080475
G0141423.JPG,1,1,0.020413648337125778,0.9795863032341003
G0141424.JPG,0,0,0.8773186802864075,0.12268130481243134
G0141425.JPG,0,0,1.0,9.40757974993156e-12
G0141426.JPG,0,0,1.0,3.542282023261123e-10
G0141427.JPG,0,0,0.9999998807907104,1.6015627579690772e-07
G0141428.JPG,1,0,0.07299870252609253,0.9270012974739075
G0141429.JPG,1,1,0.05896503105759621,0.9410349726676941
G0141430.JPG,0,0,0.9999986886978149,1.3555034001910826e-06
G0141431.JPG,0,0,1.0,1.6820704551445687e-11
G0141432.JPG,0,0,1.0,8.54758833157554e-11
G0141433.JPG,0,0,1.0,2.8087233483708703e-15
G0141434.JPG,0,0,1.0,4.605702930149391e-09
G0141435.JPG,0,0,0.9980670809745789,0.0019329388160258532
G0141436.JPG,1,1,0.03526635840535164,0.9647336602210999
G0141437.JPG,0,0,0.9999494552612305,5.055380825069733e-05
G0141438.JPG,0,0,0.9999997615814209,2.684410560505057e-07
G0141439.JPG,0,0,1.0,6.573994126846117e-11
G0141440.JPG,0,0,1.0,1.3033359114178467e-11
G0141441.JPG,0,0,1.0,3.173423438092293e-13
G0141442.JPG,0,0,0.9835594296455383,0.016440631821751595
G0141443.JPG,1,1,0.0230255164206028,0.9769744873046875
G0141444.JPG,0,0,0.9927555918693542,0.007244428154081106
G0141445.JPG,0,0,0.9997163414955139,0.00028359307907521725
G0141446.JPG,0,0,0.9999960660934448,3.967023985751439e-06
G0141447.JPG,0,0,0.9999911785125732,8.844230251270346e-06
G0141448.JPG,0,0,0.9999911785125732,8.822049494483508e-06
G0141449.JPG,0,0,0.9999929666519165,7.09093956174911e-06
G0141450.JPG,1,0,0.4390941560268402,0.5609058141708374
G0141451.JPG,1,1,0.16668064892292023,0.833319365978241
G0141452.JPG,0,0,0.9999723434448242,2.7677804609993473e-05
G0141453.JPG,0,0,1.0,6.5774377056015965e-09
G0141454.JPG,0,0,1.0,2.6867852387368885e-09
G0141455.JPG,0,0,1.0,3.889456031552774e-14
G0141456.JPG,0,0,1.0,5.0811424512353653e-11
G0141457.JPG,1,0,0.01960582099854946,0.9803941249847412
G0141458.JPG,1,1,0.007453104481101036,0.9925468564033508
G0141459.JPG,0,0,0.9993200302124023,0.0006799339316785336
G0141460.JPG,0,0,1.0,6.766259108559325e-09
G0141461.JPG,0,0,1.0,1.5659187724281765e-08
G0141462.JPG,0,0,1.0,1.1617243833583757e-09
G0141463.JPG,0,0,1.0,1.0646429050853445e-11
G0141464.JPG,0,0,0.9999929666519165,7.027871106402017e-06
G0141465.JPG,1,0,0.006998103577643633,0.9930018782615662
G0141466.JPG,1,1,0.031188840046525,0.9688110947608948
G0141467.JPG,0,0,0.9999980926513672,1.930013013407006e-06
G0141468.JPG,0,0,1.0,9.214559670844835e-12
G0141469.JPG,0,0,1.0,8.912393426616181e-15
G0141470.JPG,0,0,1.0,2.3427180334545383e-13
G0141471.JPG,0,0,1.0,2.6601949809634817e-11
G0141472.JPG,1,0,0.020919498056173325,0.9790804982185364
G0141473.JPG,1,1,0.028824305161833763,0.9711757302284241
G0141474.JPG,0,0,0.9941309094429016,0.005869065411388874
G0141475.JPG,0,0,1.0,1.7212830119572864e-11
G0141476.JPG,0,0,1.0,4.165526701783301e-13
G0141477.JPG,0,0,1.0,4.766792863208913e-12
G0141478.JPG,0,0,1.0,1.9193549527507514e-11
G0141479.JPG,1,0,0.23574690520763397,0.7642531394958496
G0141480.JPG,1,1,0.007660562172532082,0.9923393726348877
G0141481.JPG,0,0,0.9935581088066101,0.006441892124712467
G0141482.JPG,0,0,1.0,5.854555729101207e-10
G0141483.JPG,0,0,1.0,9.217137686770571e-13
G0141484.JPG,0,0,1.0,6.582399759264522e-15
G0141485.JPG,0,0,1.0,5.558937754557292e-10
G0141486.JPG,0,0,0.9979943037033081,0.0020057689398527145
G0141487.JPG,1,1,0.005960141774266958,0.9940398931503296
G0141488.JPG,1,0,0.1162535548210144,0.8837464451789856
G0141489.JPG,0,0,1.0,6.20328899358924e-10
G0141490.JPG,0,0,1.0,1.5910423359252442e-16
G0141491.JPG,0,0,1.0,3.411982094414096e-18
G0141492.JPG,0,0,1.0,1.5892915781155759e-13
G0141493.JPG,0,0,0.9999985694885254,1.3723149550060043e-06
G0141494.JPG,1,0,0.005074426997452974,0.9949256181716919
G0141495.JPG,1,1,0.22909896075725555,0.770901083946228
G0141496.JPG,0,0,0.9999997615814209,1.816702450696539e-07
G0141497.JPG,0,0,1.0,8.867502001783101e-13
G0141498.JPG,0,0,1.0,3.807668478341677e-15
G0141499.JPG,0,0,1.0,9.759197844381312e-14
G0141500.JPG,0,0,0.999971866607666,2.8129905331297778e-05
G0141501.JPG,1,0,0.045119430869817734,0.9548805952072144
G0141502.JPG,1,1,0.052001647651195526,0.9479983448982239
G0141503.JPG,0,0,0.9983465671539307,0.0016533806920051575
G0141504.JPG,0,0,1.0,2.4927211987255116e-13
G0141505.JPG,0,0,1.0,1.4093727843290097e-20
G0141506.JPG,0,0,1.0,1.6485103439889205e-19
G0141507.JPG,0,0,1.0,2.3987713874159926e-14
G0141508.JPG,0,0,0.9995259046554565,0.00047413629363290966
G0141509.JPG,1,1,0.04541447386145592,0.9545854926109314
G0141510.JPG,0,0,0.7184504270553589,0.2815495431423187
G0141511.JPG,0,0,0.9999929666519165,7.085761353664566e-06
G0141512.JPG,0,0,1.0,4.761071051295751e-11
G0141513.JPG,0,0,1.0,5.547901027469493e-10
G0141514.JPG,0,0,1.0,2.809154020511073e-10
G0141515.JPG,0,0,0.9999995231628418,4.715947170552681e-07
G0141516.JPG,1,0,0.0027757452335208654,0.9972243309020996
G0141517.JPG,1,1,0.1499989926815033,0.8500009775161743
G0141518.JPG,0,0,0.9999746084213257,2.5441257093916647e-05
G0141519.JPG,0,0,1.0,2.393103305480093e-19
G0141520.JPG,0,0,1.0,3.677566162758627e-20
G0141521.JPG,0,0,1.0,1.7488308758877765e-17
G0141522.JPG,0,0,1.0,6.042594809935187e-12
G0141523.JPG,1,0,0.29228803515434265,0.7077119946479797
G0141524.JPG,1,1,0.0065841772593557835,0.9934158325195312
G0141525.JPG,0,0,0.9998613595962524,0.00013859210594091564
G0141526.JPG,0,0,1.0,4.436356663972685e-12
G0141527.JPG,0,0,1.0,5.151915271348409e-14
G0141528.JPG,0,0,1.0,2.200409315476423e-14
G0141529.JPG,0,0,1.0,6.096222415763464e-10
G0141530.JPG,0,0,0.9978457689285278,0.0021542401518672705
G0141531.JPG,1,1,0.01468057930469513,0.9853194952011108
G0141532.JPG,1,0,0.14299516379833221,0.8570048809051514
G0141533.JPG,0,0,1.0,3.146095536865623e-11
G0141534.JPG,0,0,1.0,5.0114352901787315e-20
G0141535.JPG,0,0,1.0,1.1911674782982476e-16
G0141536.JPG,0,0,1.0,1.9620250560779194e-22
G0141537.JPG,0,0,0.9999990463256836,9.18972091312753e-07
G0141538.JPG,1,0,0.12125246971845627,0.8787475228309631
G0141539.JPG,1,1,0.06537340581417084,0.934626579284668
G0141540.JPG,0,0,0.7614333033561707,0.23856666684150696
G0141541.JPG,0,0,1.0,2.017946390769996e-14
G0141542.JPG,0,0,1.0,4.286787785831229e-19
G0141543.JPG,0,0,1.0,1.554860289607511e-18
G0141544.JPG,0,0,1.0,3.927958219102079e-12
G0141545.JPG,0,0,0.991192638874054,0.00880731176584959
G0141546.JPG,1,1,0.017498642206192017,0.9825013279914856
G0141547.JPG,1,0,0.2933591604232788,0.706640899181366
G0141548.JPG,0,0,1.0,9.348684440872237e-18
G0141549.JPG,0,0,1.0,3.6445474795406614e-22
G0141550.JPG,0,0,1.0,1.9514109010437345e-22
G0141551.JPG,0,0,1.0,9.644359150271647e-14
G0141552.JPG,0,0,0.9998761415481567,0.00012380022963043302
G0141553.JPG,1,0,0.012440511956810951,0.9875594973564148
G0141554.JPG,1,1,0.04943174496293068,0.9505682587623596
G0141555.JPG,1,0,0.4757223129272461,0.5242776274681091
